0 0.8216702846684332 0.6812893137126406 0.2617653869830395 0.3750559544771292
0 0.6008313683077944 0.6214918145611124 0.25073280788560603 0.20189185655064784
0 0.7612897336199647 0.3662199712527793 0.27241636031120037 0.23946976899175879
0 0.5438314245264106 0.4550554617336585 0.15124324879205203 0.12337729434509229
0 0.38499855846533426 0.4813622664463434 0.11623052000387926 0.11255737153638865
0 0.517062790877351 0.7924871112152789 0.16157471303635712 0.17392409849212936
0 0.437422443612206 0.5993317249759732 0.09502519970043757 0.0998427580585183
0 0.6142706966563218 0.2192943275206031 0.38006910576927255 0.3419686353443511
0 0.4449942802956831 0.1549856941560194 0.07774210485118864 0.0781632476909258
0 0.31077890589965707 0.22180063020703766 0.16591152667183912 0.15103340263916643
0 0.327679879227818 0.35684001154537104 0.1964918469752809 0.16456822233759222
0 0.36838578800241295 0.703881815409584 0.12936824879205205 0.12146347983046261
0 0.293497100429947 0.623558619839445 0.06954696757828502 0.0727922425071295
0 0.24694070694812548 0.5477377050892598 0.08006987939699588 0.08767494872768503