0 0.7612398788403731 0.08727865871791722 0.36935475768074627 0.17455731743583444
0 0.6946571365211194 0.27844515212000126 0.19829880503579284 0.2551932223375923
0 0.43945515507814525 0.1570751659279638 0.23698187343752686 0.2787865472198144
0 0.5222808785580245 0.36576736927379727 0.12087248407380997 0.15359247464666642
0 0.543327667879389 0.5248983614981029 0.11096686305535748 0.11697146946287021
0 0.8667211232963525 0.3340622906683812 0.17279900512049765 0.16435360885972194
0 0.6662044547816791 0.450544327520603 0.09737479991529537 0.09712786116879606
0 0.2840759522920175 0.3339971253060653 0.3381187101845253 0.38712531046212895
0 0.21246480475344423 0.5200801797359264 0.07927724729857691 0.07999914976444415
0 0.2771404967338795 0.6463405918942134 0.14972552616718496 0.16855309330833315
0 0.4145193993929504 0.6052679496226396 0.16092063140062188 0.20062329952888866
0 0.7713161599868812 0.5025962601312515 0.1195984104104042 0.13171747464666642
0 0.6862956888554892 0.5932690697449086 0.07422572625188942 0.07333904665416639
0 0.6074041203831679 0.6543521241747696 0.08874325256024881 0.08238185598499985