0 0.18320882963357332 0.8725710408186028 0.3249283188890573 0.2548579183627943
0 0.29323885636815294 0.6405585594746528 0.16697946350286302 0.2414925384437538
0 0.5258053957921561 0.8293631891665507 0.2030078670936593 0.25900094301173804
0 0.4818155430382404 0.599644711667788 0.100809041958086 0.14430327792830405
0 0.48980582592114014 0.4351694538658718 0.09747496369925486 0.10820200361804452
0 0.13284223273339016 0.5391554324962884 0.157059041958086 0.14725121551297526
0 0.35358197961013216 0.47726402136958335 0.08954428903121973 0.08748006784239593
0 0.7125882991865605 0.6937952606269912 0.2926248789975158 0.3589810108541339
0 0.8190524435057787 0.5282288935982494 0.06914997579950324 0.0723530348257091
0 0.7784643258229443 0.3854338839873111 0.13055108411256366 0.1552341338757694
0 0.6338603529503073 0.390359322137809 0.13698289129415606 0.18681168249628843
0 0.25870581684595384 0.39726890490666855 0.10692268657189175 0.12119332654882306
0 0.3606955637226959 0.32915406999010244 0.0659886143631847 0.06593926051544959
0 0.4507938437769251 0.2901125814100632 0.08009656615858277 0.07448874491161739