0 0.6325105155108779 0.47078897605071723 0.07383991439185814 0.043442082791715644
0 0.5675362946660978 0.2374349594116258 0.10145980024766903 0.10012845941492107
0 0.8958668099675787 0.15481296874382133 0.1309332845319034 0.1630921095770769
0 0.6592615299837894 0.08109523051494415 0.11399834160399784 0.13469437418757343
0 0.5121125481807545 0.10120140462308735 0.10077059553293921 0.11885118587597074
0 0.4254044526478151 0.21697068059766966 0.08332623035529281 0.07951595048646735
0 0.2090837857747576 0.2952927293004234 0.35154549917143046 0.3074535844132734
0 0.06313570078578828 0.09329207832748877 0.12627140157157657 0.17408415665497753
0 0.47887609326113695 0.47905366923358395 0.11134422249741008 0.11122960064862308
0 0.6705328620772745 0.25877989975182336 0.0915026033908223 0.08746481818121907
0 0.8027932061624717 0.08829189609837543 0.10091614474715094 0.12197618587597074
0 0.3579558951614358 0.0367416639585782 0.13550516046291677 0.0601307508107789
0 0.529079454509842 0.42519801217156933 0.04793238585581072 0.05704093262955982
0 0.606558215053812 0.020752019882207078 0.13688356989237604 0.022685297888679578