0 0.5906675865352369 0.29268555122251083 0.057766268345264216 0.08247166327441154
0 0.8271881864364147 0.38451344584087244 0.11739887357870131 0.11675148801421234
0 0.920714318401734 0.06395079884766161 0.15857136319653192 0.12790159769532322
0 0.957682239335482 0.30337855325867574 0.08463552132903587 0.13032266508343388
0 0.9482155050499103 0.4548967876548435 0.10356898990017953 0.1177341338757694
0 0.8398309415569123 0.5343087279530481 0.09277830517696728 0.09521068068726617
0 0.744258649251776 0.7501151916570009 0.36908028384793107 0.39942894843880483
0 0.9198685100998206 0.9028672981702931 0.1602629798003587 0.11172315128862387
0 0.5724243627024217 0.45036857643728145 0.1320984104104042 0.12842597241038015
0 0.8129143128577135 0.2739853816165212 0.10417083148532633 0.10359639077317429
0 0.9629620025602488 0.15523098032789723 0.07407599487950237 0.11527751922187686
0 0.9897613865564129 0.6203646573971187 0.020477226887174283 0.14308161465389252
0 0.6309047206372818 0.4049874773872212 0.06559417889684287 0.05640048620519007