0 0.5985150563877941 0.626297794735373 0.05286965060882309 0.07480142319868044
0 0.8107124253238084 0.5300663377548862 0.10985297424624463 0.10451766693047429
0 0.9282272931968066 0.8370628323446099 0.14354541360638678 0.13606919530200443
0 0.9512426685712596 0.5973039988793728 0.09751466285748087 0.11962584138279589
0 0.9331616391090714 0.4568070310118264 0.12847542848861018 0.10350073620994635
0 0.806982034257883 0.38843276722177283 0.0878823793969957 0.0836141335443795
0 0.697623654401845 0.19035663156582236 0.34250520395250134 0.35757578543115887
0 0.8732141015172086 0.04345786566419776 0.20267820303441725 0.08691573132839552
0 0.5645232094125132 0.4784967922280904 0.12168329454968649 0.11577341567683312
0 0.8081291724488702 0.632728336501245 0.09646015394280312 0.09321645407749272
0 0.9630648077406739 0.7362301065595047 0.07387038451865209 0.10515416442319178
0 0.9652419114442579 0.29811634112009855 0.06951617711148436 0.13678459765100212
0 0.6242169448686455 0.519047584389674 0.06020391848667046 0.05007420783841639