0 0.6086315405395059 0.8825167889249549 0.12007723734881744 0.12445177879370348
0 0.11018242731540992 0.37850712587171315 0.22036485463081984 0.2679857482565737
0 0.5692172412476403 0.5808073174358345 0.06633407200827221 0.06667894354388863
0 0.3424638372454131 0.6170352177659266 0.167915848026726 0.21136530989648109
0 0.2839450019494114 0.3474349087179172 0.1683340186982713 0.24730280989648118
0 0.41567516526100334 0.4959032200750008 0.09504087468172653 0.11913956220555537
0 0.42740410061268436 0.35985841333606566 0.05694089067472703 0.0642962373233332
0 0.6425392992918655 0.24894287130004752 0.08573860001590834 0.12456935598499985
0 0.6768677512730937 0.38407999745458465 0.055469297342454024 0.07197203628657398
0 0.7260143232813661 0.31890476531504774 0.08408519334818117 0.11662015494824055
0 0.5903313619510022 0.308922755513103 0.06811474801081766 0.08556564458064804
0 0.48761598929822886 0.21566962445759352 0.10732269867918127 0.10148317049962943