0 0.5906614736862854 0.9591611045950319 0.12460256933854161 0.08167779080993612
0 0.816228984516771 0.2840500240604405 0.26519381458888913 0.268137266847848
0 0.49399880033993104 0.6819258872823217 0.06704333605604162 0.06552644703379293
0 0.7030633693941324 0.616207324176656 0.17176981648875014 0.2085658888718056
0 0.6357433571419447 0.33772740907384835 0.1710437710859029 0.24439412822814396
0 0.5880728426086462 0.5348484275111802 0.096295731382639 0.11593063861970414
0 0.5189390232701044 0.4130173501555565 0.05763196846486114 0.06330838317182241
0 0.2870532436348267 0.4030421445717888 0.08866506933854179 0.12319683540139544
0 0.31608939304548656 0.5446886951922074 0.056251306420763925 0.07101162252816078
0 0.24575805603951428 0.5054515965492602 0.0869570989738195 0.11683757475773363
0 0.35880161027607677 0.4361385038583977 0.06747974715020835 0.08427644703379293
0 0.40485637984336825 0.30364271413374244 0.10843205547083343 0.10117972376899793