0 0.4337930124460061 0.9683552181398563 0.10944904160312507 0.06328956372028749
0 0.8712151576756941 0.3122027288900911 0.23950283035645867 0.22440353084255102
0 0.4167932292953466 0.662228633519769 0.060611498100139015 0.054161394480112965
0 0.6566376325057287 0.6328077349791711 0.14491637575930572 0.1868296185055307
0 0.6659275924212149 0.3344111452875965 0.13648693313000032 0.22729097727182862
0 0.5582384597280552 0.528704841716874 0.08361389342673622 0.10298072402541773
0 0.5216132415475345 0.3897281164736405 0.051236498100139014 0.05399775324641087
0 0.2797718868741317 0.33704958116686257 0.07136846656500015 0.11370003571381497
0 0.27001241432520795 0.48772173701106125 0.04676720364722229 0.06329093262956001
0 0.20716822862975662 0.4342597719140972 0.07118662860909737 0.10588753571381489
0 0.3451052929343052 0.38430245657225204 0.05799564437666671 0.07598184740221221
0 0.43249880300229143 0.25608772767557036 0.09869337955902786 0.07981595941492108