0 0.7913291972421072 0.17845163872843234 0.36078339448421437 0.28573716282947864
0 0.2023162600292335 0.5326668287839034 0.22821454721387227 0.17524073663405879
0 0.42353808362205225 0.6413193048946185 0.21039001038216937 0.1633021787556686
0 0.5943525706090469 0.4994411599868812 0.3627855102409949 0.3201121628294786
0 0.43655256506502643 0.7845610706796341 0.16952281570031094 0.103305552475544
0 0.8614986281345015 0.9019647334385255 0.09279371572854558 0.06924979991529553
0 0.5429005465785878 0.8592719153191404 0.18146137357870132 0.12113008930724689
0 0.7202442965785878 0.8696010125188952 0.18853042093374803 0.13555661035393457
0 0.695243567554688 0.94834066254713 0.11503273677523325 0.07677387357870132
0 0.35182749652211803 0.907316760240995 0.2686575366905286 0.17448187343752722
0 0.550902033353821 0.9298119284733198 0.1599658051769673 0.09963452090551321
0 0.5882347043581561 0.9694874129353593 0.1343287683452644 0.061025174129281365
0 0.4879161859423046 0.9670075195548016 0.10400423151356133 0.06598496089039685
0 0.8265390701855239 0.9567663545275653 0.09224768415851478 0.05987479991529554
0 0.2062933155591366 0.2533811471856374 0.20730978398910552 0.24409715244730928
0 0.18763286277300892 0.41424305247554416 0.2331904735504664 0.1537297576807463