0 0.1273238695152954 0.7184390587651854 0.2546477390305908 0.31937188246962905
0 0.7876512119887488 0.5066693139954646 0.2228621250424089 0.1815014441095366
0 0.6293451825846541 0.3561791728551864 0.205292679126093 0.1690602327051848
0 0.4079215611704422 0.4518798180014823 0.35266373084752445 0.3299375270502772
0 0.6800768472827767 0.21933399227078834 0.1657738221398514 0.10796690782296263
0 0.3358903707812398 0.025821977544629914 0.08968254809323425 0.05164395508925983
0 0.6140103923807863 0.12619843840657524 0.1757490228654909 0.1259746140435182
0 0.45369294047402037 0.07791534622953791 0.18405259618646852 0.14072061922731446
0 0.5113988022695855 0.024470372855579146 0.11183036660488846 0.04894074571115829
0 0.8127380690598084 0.12283155621977009 0.2618700613400783 0.18335647002851804
0 0.637450381581013 0.05716547441032531 0.15634425843752045 0.10558420160240711
0 0.6261879885672547 0.02340651312414406 0.13252481252120454 0.04681302624828812
0 0.7145858004554869 0.03598035313351916 0.10078373920022692 0.07196070626703832
0 0.391614581125526 0.001164084401342927 0.08864583774894799 0.002328168802685854
0 0.6609522696158118 0.7669902422707884 0.20182542794496677 0.24820092855814782
0 0.7494021891232581 0.6206142368041682 0.22684029691210786 0.16159904721981438