0 0.13635191413138953 0.7514113082892262 0.24564634042444475 0.3596773834215476
0 0.5368129350298613 0.1501645542977125 0.18187216831236128 0.23531937056996624
0 0.624117485751042 0.37338453699750696 0.16897212480937523 0.21762253460041112
0 0.461693486985313 0.5512588220922097 0.32871341356270867 0.3739892342198502
0 0.768194794071667 0.38158967334762295 0.10865156743868062 0.17457818874502423
0 0.8430941830330909 0.8109787430055556 0.07085932028847211 0.09342634783255335
0 0.8332223416587159 0.4876367434998473 0.12605727298576425 0.18465352570316257
0 0.8249046146444797 0.6678335794694024 0.14033797853284752 0.19460152866891214
0 0.9079346669811812 0.6402086451730025 0.07925370174736131 0.11874468281352524
0 0.902168444147917 0.2916756446787109 0.1828177256830557 0.27594437056996624
0 0.9053155472057991 0.4940830616749053 0.10527199430041705 0.16351335475263545
0 0.9546258693941324 0.5296093847928791 0.09066398043270851 0.13950285178688587
0 0.9530614097629865 0.4287963012947819 0.07740026101791671 0.10618101581733086
0 0.9024321622315284 0.7733713136520717 0.06152068787965277 0.09460684585538673
0 0.25167486882545154 0.16256503110318896 0.24862325721819464 0.21930705140632506
0 0.4168998253224654 0.13862882950658345 0.1616687710859029 0.23917919961943915