0 0.6616989636028054 0.007508942372087784 0.18285207279438911 0.015017884744175569
0 0.31496486351052033 0.04132483482360581 0.18918121838316743 0.07821827759614011
0 0.7860648874215554 0.8610808125057667 0.10248225478036196 0.08919095941492117
0 0.7028704580564764 0.7954206306869859 0.13946062307124443 0.1304159772718286
0 0.7572644686969345 0.6407370848269011 0.12369592072720596 0.10360801542127547
0 0.4608958181709107 0.4188207690780187 0.31565978253968313 0.27395924593951493
0 0.2549018437707636 0.1992288380700167 0.2456476711886312 0.2774194366867496
0 0.179769326808784 0.5922890913164276 0.29889378469915157 0.23152628408896198
0 0.37469180059062224 0.6193213754086847 0.13657545496493206 0.15845915665497756
0 0.028067580200257385 0.8307221201303836 0.05613516040051477 0.10109094155801372
0 0.10146744679770936 0.7668993534912921 0.11059514342930998 0.0940148271096728
0 0.2699287476928734 0.8537021038983292 0.31906658235511304 0.20534561363426676
0 0.24618276219084284 0.9563458628267831 0.2830313479328167 0.08141718993316047
0 0.5320003462439991 0.9654036684293956 0.07447836829088246 0.041879582791715816