0 0.3577024120532785 0.010834139162344488 0.17652800790866544 0.021668278324688976
0 0.7871910745264865 0.7746147817557583 0.095434516805914 0.08613387797604233
0 0.7079930058571369 0.7108197155479994 0.1267136917107738 0.12727233020561535
0 0.7654447030051182 0.5626828643071621 0.1147575197716634 0.1015075056999832
0 0.4867135024342769 0.3484664530627522 0.28824805239490825 0.2678858945717888
0 0.2951321333843665 0.13672519577328512 0.21975272037968577 0.2693284262506725
0 0.21194697129390688 0.5149155337725706 0.2755278765014652 0.2233710700661568
0 0.39782346289094994 0.5416480065331625 0.12154603064607841 0.15339778763096845
0 0.041111842358164716 0.7492626726443763 0.08222368471632943 0.10466535668871887
0 0.1318244366934958 0.6841132840246722 0.10031301779449713 0.0911491599070274
0 0.29125383342373506 0.7672267967620209 0.297946704562355 0.20000997972108275
0 0.2637124707624342 0.907818945773285 0.27454369665368966 0.16098033070981826
0 0.5410734668081016 0.9071205512014963 0.07907468775644091 0.10524451089576345