0 0.7701518136950904 0.05768010669608183 0.177803627390181 0.051900755995856016
0 0.42493944324473976 0.04315941852568735 0.1795663864894795 0.05509853060296188
0 0.8655069069952035 0.9500880845701755 0.09220608883351815 0.07751287799792834
0 0.7846691147379128 0.8676522661255411 0.1211716980251019 0.11625004631872785
0 0.843476010945 0.727849211534646 0.10999436613141392 0.08768839867609249
0 0.5581848488556674 0.44505586641599154 0.27711891424880086 0.24035113399378397
0 0.3623764913621267 0.1851242865988179 0.20624520974529403 0.2526285020669146
0 0.27771370372831444 0.5535039514049608 0.2666029164082692 0.19779976095825483
0 0.46760632093946264 0.6238828796505579 0.11359902991878953 0.14393839867609248
0 0.09581856338132347 0.7537821255167287 0.09350777297895925 0.09782537799792798
0 0.19578948256736986 0.7093664995857153 0.09719397748246608 0.08241870181924557
0 0.3585176249169456 0.8298888229927481 0.2943879549649321 0.16949497849326606
0 0.3279661366371379 0.9516031954091048 0.26910855027685515 0.09679360918179043
0 0.612681098080475 0.9901510038242429 0.06999112739018098 0.01969799235151406