0 0.8225048866028917 0.5687305186624521 0.17963250569998337 0.12597461404351815
0 0.6602726843733187 0.5844061623946283 0.17753441015912905 0.18480280989648107
0 0.5081806706275639 0.7023667675311563 0.11033620248167449 0.11214726842611089
0 0.4969910703951328 0.4577186488694897 0.08369729282674854 0.08652255183796279
0 0.3988317118648285 0.29899917681472143 0.09307229282674853 0.0873427580585183
0 0.3635994161880885 0.43189985970819367 0.09296303218308673 0.0857802580585183
0 0.3407039575022276 0.7930424112633325 0.12472648441265974 0.11806507775694434
0 0.17107342657964864 0.4873707352970829 0.0893352876309684 0.12273345391148141
0 0.2612346148113652 0.6705434032048142 0.12490144703379284 0.07615097983046279
0 0.4057330138226295 0.6611765480682863 0.07254127153942491 0.08244064458064812
0 0.22873955304308172 0.8429850397269438 0.12444226114786483 0.1584166756834257
0 0.16932598423743278 0.7371752456646755 0.06796303218308677 0.0835930414703702
0 0.12669390395494284 0.09911958812453678 0.1466121920901143 0.18675628916129602
0 0.24187687151975457 0.2616865215836569 0.08104218639013112 0.07076085080120356
0 0.07897304391202926 0.38813356998124976 0.0699954257464694 0.06824144354388881
0 0.08059090219023202 0.6122935313856016 0.10031634629715871 0.16872945909527762