0 0.5189409318225902 0.08824062268826076 0.12847517061270253 0.17648124537652152
0 0.5636470092530337 0.2473864258213349 0.1918999418245299 0.18016476866002265
0 0.7100750833494972 0.38643153455149326 0.11492311151914833 0.11305880937615384
0 0.46249845274455337 0.4321397624953846 0.08775483363936125 0.08489423658176473
0 0.31771172441542267 0.5537212731358429 0.08864765394280302 0.09583173658176455
0 0.4603774565375753 0.5697096136674038 0.08708515394280311 0.09573160703211539
0 0.8321249107799407 0.5443162808508655 0.12075852333785946 0.1274216980251019
0 0.5489131533630749 0.7595848396087105 0.12576501666989942 0.0935473457733483
0 0.7207725647227438 0.6425511266242138 0.07726361485312835 0.12774307063492074
0 0.6860632406262802 0.49634675509412907 0.08373701333591957 0.07375647748246603
0 0.9021819324508099 0.652129978414542 0.1626909318225902 0.12700019586563335
0 0.8038239229079123 0.7267573434662218 0.08491687606301604 0.06916910703211539
0 0.1610940310930808 0.8574737361203393 0.19260157242947362 0.15067752775932136
0 0.30675773320941435 0.7177732811554073 0.0720022878817268 0.08233044108527157
0 0.4641711047305025 0.866323797812845 0.06954696757828494 0.07129281153562203
0 0.6924556013965224 0.8344172540143948 0.173277745458072 0.10436373226282783