0 0.3869311665897093 0.8566295229503087 0.15154563140062188 0.19241073320977692
0 0.39717696380358153 0.6941568048014742 0.20806864718563745 0.19906252649368775
0 0.30686902417163353 0.5242584778522994 0.12731990514873237 0.12451390507947586
0 0.5479644610315713 0.5514658517135821 0.09590330517696728 0.0937896947351895
0 0.7189664767459997 0.4783706360118183 0.09792083148532633 0.10165675843752062
0 0.594489392488663 0.42470494427185346 0.09635833148532633 0.10160219473518968
0 0.24445086610971653 0.34594001569391464 0.132826452503779 0.13874009618646843
0 0.5717175633518237 0.22428579282057468 0.13247784200867016 0.10598215988879929
0 0.37786958183826236 0.2864063029873757 0.09349093671876343 0.132688503628197
0 0.36407385039528817 0.4291840800292177 0.09057876834526431 0.08268850362819702
0 0.21460301336594112 0.22668901868913954 0.17372446828879456 0.1448462524470707
0 0.32817966595442477 0.18525054155463028 0.09030575256024873 0.07800100362819706
0 0.923833800197644 0.24049615769618266 0.13795356826055957 0.17322422359113016
0 0.7808734844973332 0.3294445518910673 0.08165879465362344 0.09017362141421188
0 0.683344579066252 0.14911715643023826 0.07789675782192056 0.07912699400955026
0 0.46375241588383764 0.11561514255042218 0.18026289462538864 0.12324407095872499