0 0.8878727317112112 0.05700520876273538 0.22387253460041096 0.11401041752547077
0 0.33449838091290857 0.16188300494367855 0.2591282381741829 0.3237660098873571
0 0.0833689389735795 0.26882677363311197 0.166737877947159 0.19483117080279086
0 0.3676478260465424 0.40275475133738226 0.1300933596955513 0.1337408514929388
0 0.6093100385175628 0.16928741543178377 0.15400570357377177 0.1852705005042031
0 0.5484057361226545 0.42127588635079016 0.10691052768032883 0.13835194183801286
0 0.13584336361270297 0.5788466298176278 0.27168672722540593 0.1923067403647444
0 0.47322271091378354 0.5457238653155683 0.08229784684397004 0.06963479282674853
0 0.7142681580617648 0.38474888844447713 0.10519151878308027 0.09616444183801276
0 0.807067106198329 0.22946617272125086 0.09495435574121842 0.11258711733238061
0 0.594585716350991 0.5115295457536148 0.07579317885919253 0.06294775025210164
0 0.3502627133852415 0.5426367061648454 0.12419618676785796 0.10372556956195353
0 0.4804780898867068 0.32942687595923 0.08019151878308026 0.094416271539425
0 0.49711119707361906 0.6094914343733188 0.05599001482874755 0.07402736188449896