0 0.0753414093463328 0.19167325689985887 0.14981014422102226 0.23852848620028227
0 0.2096457699970843 0.7143822796280304 0.3875919453524904 0.291111564120734
0 0.3639843329342133 0.920303222810897 0.19616699375348415 0.15028419236879245
0 0.4677531857863248 0.626274758931749 0.1367374515990063 0.13987279788867965
0 0.220536776439992 0.43760159131642756 0.18845448770335987 0.16733532467404083
0 0.4682566589535494 0.4442162353927987 0.13972609621281223 0.11648984496658024
0 0.6603639083643742 0.8299650004103324 0.20175443930236625 0.3050535129856435
0 0.5951100504440971 0.4920070787378211 0.07081246974937905 0.08716480925276535
0 0.41811978268650796 0.2872628518697344 0.0975022347764936 0.10950345941492108
0 0.25995275868240286 0.22907997930371873 0.11465337334017515 0.1035534683433748
0 0.5507009994108248 0.37948948782843067 0.06295451795398091 0.07921594155801355
0 0.6028503484523073 0.6137593478125446 0.10700449980360834 0.13154210064862326
0 0.3867162883438487 0.5300230961876915 0.09424996974937896 0.08757391233702042
0 0.6534992673648057 0.4558280710271834 0.0722204336450254 0.06062958279171564