0 0.14696703269656675 0.10411869120271569 0.2248159346068665 0.20332415309764626
0 0.15894899367847853 0.6310054177969674 0.31789798735695707 0.30888583559393473
0 0.1785329896733089 0.8959177668470277 0.21025278685861987 0.1947746687014785
0 0.3869612631136935 0.6403239433504223 0.14641152991878953 0.14626856965141818
0 0.22452632403100684 0.37391661408806565 0.19977636181247735 0.17709584577069998
0 0.45281320789959284 0.4689712437799636 0.14803458667404978 0.1229948439616777
0 0.49253493291804873 0.8718251696059897 0.22261068938722844 0.25634966078802074
0 0.5536061474437048 0.5596958203287867 0.07581962523071262 0.08962242198083885
0 0.4625455606127716 0.3048678002023987 0.10544656847545256 0.11453389077317437
0 0.3364918052141007 0.1924386420163698 0.12223355027685523 0.10918464947960164
0 0.5527724375415272 0.43815169097557305 0.0691691070321152 0.08304487336031982
0 0.5170900516703564 0.6769309079588863 0.11622338217054295 0.136900213703953
0 0.3459834145625679 0.5213791915413999 0.10091975478036197 0.09249511646291494
0 0.6210637577150226 0.5467697744218012 0.07567992288667433 0.0631418091359686