0 0.9113225661728318 0.4299031794995852 0.13878432588823203 0.20665868605101814
0 0.5717591443373754 0.620670899810927 0.20713621960192583 0.23753683063166625
0 0.5460422843270155 0.18720358039532514 0.13016699710451593 0.12187358294074047
0 0.5965238196874884 0.3228389925536123 0.21116874813797323 0.22388443374194403
0 0.45956101302967856 0.45697812964138984 0.14190501778268025 0.1400179901980554
0 0.425102583955512 0.34483900607875084 0.11294526385373889 0.15304567049962942
0 0.3107724485139859 0.561029225541621 0.10614730024766902 0.10732306738935157
0 0.3179193225829725 0.45769917398648213 0.11403257485477489 0.10956907257314796
0 0.3292271577768296 0.34855861983944514 0.07595037799792799 0.0937882476909258
0 0.2255071524001461 0.28682889085745417 0.10251718610347985 0.16302626324231467
0 0.17181276406313586 0.38722872351537074 0.11668669396136275 0.13314327360990727
0 0.06417789247534864 0.4596689429782409 0.06889985731976359 0.07605394354388881