0 0.07022002882889207 0.3456165061483201 0.14044005765778414 0.1961942648307229
0 0.2823501441444603 0.6191984101318997 0.21529649011264293 0.21991356596219108
0 0.5171664486232768 0.24298484719477073 0.13286676634364483 0.11322722872636941
0 0.4059943658197714 0.34749560607356533 0.21765666560701077 0.20899424668035033
0 0.4650530195226127 0.5080240399149825 0.14500613342392404 0.1304783612399268
0 0.5509683762113315 0.418497931601922 0.11786447921687966 0.1443772347764936
0 0.5508598435240417 0.6434070280111259 0.10688342055068922 0.09901928298109546
0 0.594860851821915 0.5502201093932151 0.11647694183801285 0.1021988251355733
0 0.637009783016266 0.45001557631392364 0.07955609604505724 0.08792724687674217
0 0.7612503123493611 0.4266457331261736 0.11227004307885 0.15371587334017517
0 0.7609610992240249 0.5312923265103153 0.12113159084927716 0.12409200585373252
0 0.8237181893169974 0.6277628055312723 0.07054172896477802 0.07069429508134384