0 0.9297776343371386 0.4741199317019039 0.12991714529089188 0.20251870636839744
0 0.6549104533324318 0.7129920156311293 0.1975682954530477 0.23456567394668254
0 0.48232771022899534 0.2912930035031578 0.12688187418757338 0.11801616061076281
0 0.5779384448077197 0.4164521133553162 0.20198306006354408 0.2193233112195861
0 0.48764290706530994 0.5694658009277822 0.1349943831160271 0.13584138939893542
0 0.41515602678865643 0.46418862744014183 0.10404439204448082 0.15047797424624482
0 0.37518204302400615 0.6925050750145475 0.1001011858759707 0.10334788273097573
0 0.3472264127473528 0.5908629556194913 0.10953073295387146 0.10723815727678279
0 0.3217509001654511 0.48159965486088696 0.07183981818121907 0.09323955909355401
0 0.19735091802235855 0.43702099425012414 0.09486030681713334 0.16065019970043756
0 0.1782815438347851 0.5434304909161443 0.10999438311602723 0.13380065727678297
0 0.09695763149776468 0.630675657276783 0.06528980925276531 0.07554187606301603