0 0.43141663190480173 0.79609375 0.2571183936660388 0.4078125
0 0.23260875933878614 0.63828125 0.274204707790068 0.3125
0 0.5158827297107559 0.4328125 0.3027194456152033 0.2453125
0 0.3771668774372796 0.3234375 0.1490296095770768 0.1234375
0 0.42752361323382015 0.48203125 0.06205571509696384 0.0640625
0 0.3648969281686283 0.44453125 0.08096935633066601 0.0734375
0 0.7660661416440344 0.64609375 0.37306276785361214 0.515625
0 0.5300697349857616 0.29140625 0.12027731818121908 0.0875
0 0.5238060982162864 0.2921875 0.1139727711033185 0.084375
0 0.023400949271946636 0.7671875 0.04680189854389327 0.09375
0 0.9636638904262185 0.6046875 0.0526182597392328 0.15