0 0.437106179332529 0.7817602282576585 0.2634029172311404 0.3906202097452942
0 0.2222801187262224 0.6911909947582128 0.27863176956056107 0.3246342643410859
0 0.46959328923672317 0.42929656231081453 0.30644250904511167 0.26101185533407245
0 0.3200270584586001 0.3563468229512726 0.15013719810012063 0.1310869185677376
0 0.39057749660909796 0.4958715954688066 0.06273237336031982 0.06786742288667416
0 0.32391894109117403 0.4752272308785521 0.08032930913596861 0.07678134793281685
0 0.7422860815256641 0.5745544933739367 0.3845077125722991 0.5323046668696947
0 0.4644631331984009 0.28947259870800907 0.12169129353213641 0.09344721622369914
0 0.4588715524657062 0.2921668021317817 0.11363313206674715 0.08825906847545247
0 0.030355387834527948 0.8660069293650793 0.060710775669055896 0.09689358883351815
0 0.9384451085494572 0.4864573087670703 0.07348616689245588 0.1542054410852714