0 0.21410335933836727 0.5512665424490653 0.38267746042459255 0.2380919151018695
0 0.36023248812575404 0.7598552263886783 0.31992515490666856 0.262719210379605
0 0.5623903731331772 0.4867212116561513 0.25281289800926354 0.2935692345801019
0 0.6746114914051143 0.6298621575978169 0.1278461182719372 0.14444995764913066
0 0.5144685295101838 0.5714007386853185 0.06561171189493056 0.0597386143631848
0 0.5530640400256334 0.6368212056060271 0.07432497060135787 0.07697156615858276
0 0.34312363749381397 0.22463534387512105 0.5277177227490644 0.3529634570599553
0 0.7049496873575285 0.4780769438003663 0.09051653663473136 0.11767837939029935
0 0.7036737924004826 0.4835547841594459 0.08541960085908258 0.10983860831306043
0 0.2337053669131408 0.9700301779876848 0.0936548247398008 0.05833974082661797
0 0.3803392752147706 0.02568073516927708 0.15426477611928177 0.05136147033855416