0 0.8111972705222097 0.7479821597045325 0.21918066556640986 0.26477367349399666
0 0.4450637076597367 0.702331670580812 0.14287827469461653 0.24321792093374803
0 0.3240273120140586 0.7980775391096031 0.09280649710021498 0.19830026308359247
0 0.8190800414918489 0.1261757781627363 0.12388963112353082 0.13633088410204497
0 0.39119703691845664 0.47084718117474295 0.06307053029369403 0.13434417889684286
0 0.34407358318419023 0.46104027069375153 0.06560353444287888 0.12671368942018651
0 0.2785651371235937 0.5592355760118931 0.05158765601864026 0.08545165258848364
0 0.2410488686527544 0.805799762871831 0.06221842531467221 0.14362817363517094
0 0.30638063857348624 0.6581581943995097 0.09822770290907386 0.18772678413027996
0 0.2524384997762854 0.6762032681335028 0.049077962657336015 0.07286064732681172
0 0.22142437550123165 0.7230481760542455 0.05575493776222675 0.11991765785015537
0 0.20123119728677447 0.6685125944983318 0.05059384108157472 0.1133946420651398
0 0.14770253296976446 0.7328789313865045 0.04209425684847723 0.0833431210184525
0 0.3130613041398961 0.4043051523061349 0.0532452444009226 0.10732665258848365