0 0.16574575446531223 0.3375357865775775 0.18826763867708354 0.24182403855474383
0 0.5091138947579165 0.36794877574034357 0.11599259517409735 0.22170785672980173
0 0.6152749354111109 0.2753076309872706 0.0744947729857639 0.18255251482874763
0 0.1990738267505548 0.9214770464634092 0.10763327488562516 0.13082818874502422
0 0.5737355199485412 0.581719457070994 0.051310539703263915 0.12541117688202624
0 0.618902549583819 0.5898157999606314 0.05265483415618064 0.11609984387822045
0 0.6734829064414232 0.49585489433314345 0.04244337955902786 0.07978034190105418
0 0.6921465599361456 0.26514606380079575 0.048331010067986215 0.13153384288963732
0 0.6419984767298955 0.4038610539149641 0.0805629350298613 0.17499468281352507
0 0.6901275054152427 0.38549039729889295 0.04055357123840277 0.06565417490485981
0 0.7161821655594789 0.3411965692380033 0.04313436379145834 0.10946784190105419
0 0.7376746526417011 0.39211974068282196 0.0399002610179167 0.10465300790866543
0 0.7837151576756942 0.3290905000743621 0.036157011967847374 0.07796317391627668
0 0.6513325366660412 0.6411846403788107 0.04291615824437507 0.10009284190105419