0 0.4153127288121382 0.16351910391130037 0.27358723137238705 0.23086265490666852
0 0.3728338863799451 0.5039936177061103 0.2397134893354819 0.1574317989592032
0 0.25794390472520934 0.5774167503386842 0.1963583314853265 0.10842773292582972
0 0.9567266840879276 0.3700589467413243 0.08654663182414488 0.13032266508343388
0 0.5718012783744978 0.6304719877870697 0.13194722099021766 0.07233974672063966
0 0.5690171835938174 0.6762791327441157 0.1242257262518894 0.07349281094499105
0 0.4652775335655825 0.7004392497728574 0.08737817363517095 0.05598440637700648
0 0.23170689939295036 0.6484762008136541 0.13975972099021766 0.07274918249628844
0 0.38088785203790365 0.6422748677061103 0.18569384727034208 0.11254202283992143
0 0.3520949941030437 0.6828246246035152 0.0731336631118273 0.05212242198083885
0 0.3021327914580903 0.6942257920617984 0.11742969468185845 0.06379026232447185
0 0.3487116598457069 0.7317158259829963 0.11090667889684287 0.058775213703953
0 0.2761765071866361 0.7567324361143329 0.08232665258848364 0.04948874491161739
0 0.6145795835514651 0.7230622795101838 0.10474768415851479 0.0600101650834338